6666
-48250
-96
-76824
362
-756
-370
12249
-837
450
84
763
849
-989
193
159
-666
617
-96
-1675
3979
-6134
-80
89476
226
-66770
-308
-93832
3433
-17520
5831
86
2707
6108
100
85431
87
154
-8259
-8210
-83
72324
-9073
500
80
-100
-39865
-17668
-1942
57864
-3444
-5072
-977
86
9120
-78769
175
-59418
-330
94587
95
88
-91
-91
-99
-27837
-90
-787
361
-3594
82
-6311
97581
-8569
776
-98
-27208
-15554
87
-8601
48333
-6113
-78023
-97
15510
2664
8559
-3806
8344
-82
8018
8663
-84
857
-60070
311
-5608
9892
-218
-459
-80
-9316
815
75734
359
-93
89137
95
-84
9610
-44831
-943
944
-8691
-6188
5539
-90
914
100
-37943
-80
-92886
4192
-2739
-27798
-23268
80
-79584
95
-203
81
86
-100
-98
-27188
24842
-6626
-791
92
4434
8757
-636
9474
14364
-86
-678
88
82957
-164
1742
-304
124
-80768
89
-332
-80
447
82
86
-55124
100
-403
-91
-86795
86
8780
-5649
-9112
-97
-5447
-67932
-80
-93
585
79867
-90
-3745
-1586
-92
-174
46916
86
-91746
-9396
43145
100
-745
-6442
-72830
-974
79810
-645
52945
366
-5413
-3226
108
-403
-4619
-9266
-85
699
-53628
20505
-172
-95
-8362
-420
-686
-478
-71135
-624
422
-872
-2197
-999
-98
-5505
-478
-9082
85
1946
85
-7839
-733
-91
-32094
328
170
-2648
-4207
-952
8833
9700
-322
-94320
51421
-70845
990
-85
-253
-875
360
-9872
5283
-143
28501
-6480
574
4886
-1405
-86
6243
-431
726
24367
80414
-20374
-83
198
-606
93
-6349
8191
685
131
93349
650
10691
-23436
-5110
-76036
8609
-801
-53965
252
-98
5543
2303
1652
-79388
87
6563
7500
-7903
-74532
84
-83
-87
-524
782
95
-85
480
-8820
91
-86
664
-10145
916
85
6488
-4694
-6466
-97
-83
-55922
-2988
-5252
1083
-58198
-964
-131
93
-74564
-166
-593
-76976
1638
-611
83284
719
-19425
-85
100
-95
-534
5204
-33523
-56875
88
-7038
-63118
-74003
87
768
22703
53722
-83
-34279
83
-96
-3376
-608
-660
9562
399
73570
-910
-92
-76416
39100
-10991
78425
-280
32130
-8507
-4723
-2403
4397
-87
-877
52135
91
-90
63869
-770
-91
87
-41136
-2576
83
-93
2651
35793
-6508
-276
-6987
-99
-89
-930
55988
347
-84
-380
-540
96401
437
-35178
-6666
-98
-20998
-93
-7884
70162
7271
-645
-395
12948
-63473
-85
923
79705
-91
80
-26210
-993
9977
-98
3516
86
31602
8633
-6355
56406
839
3548
-5836
-7172
-86956
-92041
522
31621
-39984
-86
346
88
823
-2628
-806
-7200
-967
80
98
776
82
-91642
-29471
354
-508
-653
-979
96
-85
-98
-591
64502
-989
-530
-87
74193
-95
-95
309
7386
-32438
-3688
-97
634
96
-98
-861
-527
-4785
177
-58751
-81
-8671
96
6317
-710
42811
435
-675
-85
-3086
817
-263
-1979
-99
-486
-98
1622
-81
-99
91
-97551
-361
195
-5062
289
49836
82
-28574
94
-7858
100
-3312
-119
9689
62948
83
-361
-61602
-86
381
337
-7737
45276
-4378
24061
100
-97
6850
-8828
7587
-88
541
-6630
-81
-522
-2898
-55061
-97
4658
-957
-314
-99757
-366
-717
8202
10853
-4778
-96
-2481
-3182
-3354
-5622
-193
9103
-34117
2497
90
8667
-4101
-88
-81
82
5325
9461
-80
-33999
706
-171
93
90
94
589
80
-4840
-4748
-995
-1368
-91
846
-83773
7846
-98
65291
6095
-26232
-1935
-86
-28198
7162
6379
86
-99
23327
9138
-29866
4640
-81
99
80
-415
855
-82
-1759
81
-55708
-92
147
-517
-94
92330
-100
317
-61016
93
-9556
-93
822
-95
-3638
-352
25613
1661
65126
91876
1010
-40404
-33064
50078
-9457
-85
-288
-98
-98
69367
303
-94
-704
-8392
87
94
253
-960
-91
-817
99942
475
-78131
-90
-3608
71399
88
-925
-81
339
-85
-6297
-97
-99
-100
67567
-712
4197
99
88
-6485
-38284
-4140
38741
2707
95
52943
803
511
-5025
-1973
-9921
-57151
572
-84
8971
-250
1516
5712
-85
-85
18885
-87
6334
-790
-34497
-85
-3755
-791
84
756
-3998
7812
389
-69646
-623
10140
-97
4287
-121
-97
305
817
470
4547
-49768
211
-63149
-65248
-291
-6357
-89
1652
-96
371
6328
-2494
665
-7124
-39587
-27946
-99
4120
-96
-97
99
99
100
16275
-183
-93
6364
-81
-592
-2846
-744
9586
75916
-85
98
6529
-556
425
-72817
-49570
15691
-119
9455
660
60169
-3809
907
-441
-7024
-5484
963
-48308
-929
-5478
-626
87496
-92
44035
-537
92360
7112
-9743
-911
-39064
96
75300
-7283
-7177
-3162
575
-92
54118
-7392
-92
2436
-8445
-56599
-8262
-7772
-42035
-3445
-4819
180
4736
-7608
-5164
-899
-91
910
88
-658
-8757
-98
80319
-88
-56198
-84956
-92
-392
-90
71706
132
-88
-90
-4358
-82
75574
5593
-278
-669
880
84
-90
-1365
-87
676
-6357
-60299
-4949
16497
-325
80
-846
-53161
41092
-412
-9588
6273
-11045
-78616
-5521
816
-84
-96
-322
-437
7794
-96
7919
-89
-82013
-663
-40954
95
-868
98
5820
95
-64669
651
5733
62964
-3896
-838
100
435
-2036
85404
-94
-865
-81
-870
30012
-6504
836
-58809
14239
-93
98
-6946
-246
7261
86
83
2872
-13366
658
-3535
61880
407
940
-82
-86701
-71049
51877
-803
-7392
-88
-27318
-8358
-185
-79143
-71952
-278
99
-9853
-3431
85
-22858
-690
-88807
-8868
-228
-5114
1079
-9405
116
-994
-190
755
33630
-7428
9893
-506
-1031
80
-5576
10451
9794
-419
-75021
-89
82
-1089
74067
34253
-928
671
-5023
-930
727
-187
-802
-85
-99
82718
-1181
133
-1556
-918
95
-89241
257
-80
-576
3383
455
-96
45258
95
-5164
-969
-8822
-15600
-90229
-81
-602
-654
-828
-201
-51439
92033
-9433
-874
-683
7522
-3245
79058
-90
-3158
87
-2061
-81
97
73593
508
263
-87419
-31142
-463
-859
77295
-9468
898
-250
-62845
93
-91
84
23133
-81
-7928
-13671
-1878
97
-9668
67181
-21376
-3569
7571
-1015
204
-99
-85
-176
124
893
-451
-68026
3285
859
-7444
-84
61685
-821
-333
67665
741
-51599
-84
44761
-715
71576
-599
37807
617
98836
-615
-10833
-415
-4383
30428
8056
1805
83
-718
-9368
105
80
89
7622
94
-82
88
5389
-98
-7834
-100
-7848
-86706
-740
270
-417
85
-89
-92
91
3854
-5934
6791
-90
-826
99
-88646
-664
86880
-6178
890
3662
39656
-90
-791
-89
625
-364
97219
-598
-82
99
-7891
9121
-1010
-3139
-565
4712
94836
65785
-5569
-453
-73578
-565
-86
-5072
-89
-91
4134
-273
8106
-722
-81731
6631
-882
-2228
84
95126
3191
-18953
726
-82
873
99
2109
-93
15534
86
133
-750
-100
-702
-6486
-927
-84
98
-84
-535
88
-33587
83
37795
577
-62720
-42189
100
-818
-46140
-700
44410
-93
-937
2604
46287
-44767
-4158
576
-12738
-53361
544
-154
-80004
-6480
-81
96
-4270
-659
-88
91
772
-82
-765
-87
-7275
-57132
-86
78680
-795
979
84
-285
-87
-301
-98
-60510
-65384
-3412
-4739
393
100
-1337
599
-158
-1232
-7201
-6758
-891
489
77184
-6109
222
83
-914
-124
5245
8369
95420
982
1530
7774
-88
9827
-489
-2981
-858
856
21830
6418
965
93
345
112
-7392
75215
7912
-9428
1416
9508
-100
-40806
-26432
837
-20080
-802
-92
-90356
-84
5740
49968
-421
-742
-8706
191
-4435
5835
781
81
-974
-734
9952
-92
-2004
-46531
-8185
18686
-86
-97
728
7196
-4924
8684
336
-563
-83364
100
-636
-91
-92
297
-281
-5766
49109
-6680
-98
-83491
83
-91
-88
54979
46310
43321
-3342
-92
90
728
-400
26058
5757
-646
-99
61643
-2097
-89
-1902
-70715
-241
-681
6020
80
112
-88
89
-3894
8484
530
36307
388
610
8161
-555
-7610
-993
-38859
-993
90879
-487
-9182
-93
21012
-1388
4838
-85
654
99
4964
33800
-90
630
-90064
649
-3070
71110
-100
3883
2573
-97
80
4410
-567
61586
-86
-544
906
9253
-90
-266
-483
426
-812
-18061
5961
80013
-6643
85
-85766
-2991
988
-952
-980
-26068
86
-90
-123
-176
92
-883
-2148
-99
969
-80
-373
-98
-3173
701
-7558
-453
-88
95
-6719
-1333
34377
-87
87335
7264
-734
-3683
-55171
-71134
882
649
-270
-602
-737
28436
-94
-555
-3656
-5942
-96
84
81
90
43872
-5158
-48946
-216
-5414
5898
86
5373
13670
-10676
-83
-952
850
92520
84
-391
-4597
80
-7566
4104
656
-27721
842
-7156
-1969
-97
854
-596
-118
126
-610
-477
-5865
756
-125
43141
575
83
-246
793
-736
268
753
229
-275
-71412
478
-4337
98
-960
-9018
-170
-89
801
-6998
-128
8642
41362
-86
-84
-97310
-77038
-93
-65589
-97
-2451
87
-2712
-20448
-833
-53434
5432
871
-62005
95612
-78871
-48739
-569
247
-326
-79283
-91
6102
-84168
-98
938
-33025
-97
-552
-5116
8422
-87
-6542
64399
-826
-58474
-80589
79986
633
11298
-439
33761
-41139
89
-1088
361
-105
94
-345
-322
-20674
-73862
-3546
81
94
-84930
-1713
634
-94653
-89
-571
-80
190
-35920
-590
12418
704
-191
-989
45669
86
-57866
266
-95
-568
81
-26808
7304
2938
-5270
82
5376
-99
4639
-87
-46098
80
258
8627
3319
-911
88
8672
-964
-535
-1872
-721
-85745
-98
466
9217
-225
89
-93
-282
-88074
91
90
156
-80
-149
89
-346
1957
-98
-201
-89
-99615
-217
-7537
-882
9359
-3368
-87
-41383
37995
72142
415
-88308
-992
4724
-2429
-95
-71307
898
-4570
85
-9515
-23725
-469
-746
-77473
99
-3498
-81
-94854
-9471
321
-638
-85
-89
-988
-397
-65897
95
-4846
-4420
5470
82
-8518
89
-1090
-87
-96
-62956
-71283
-3230
88232
-34794
-543
377
85
-84714
228
9978
-775
-2477
-97
-4923
-868
-97
-6564
-896
97
-14935
91088
131
-86190
-79165
10282
92
-270
-9967
-9166
-9508
74248
-96749
90
-568
-294
-1033
86
-7565
96
89
-22249
-71502
3478
-400
798
-83
-948
27005
-293
-9585
90
-95
-99
-9811
-87
-335
-2941
-91
29076
165
-554
-563
-884
-20973
-6732
92
-612
-22502
946
841
-889
-2148
-806
-8901
86945
98
92
90
115
654
32108
96
-94
-88
82962
-100
94
-751
-80
-8071
-321
894
-89
1480
-335
457
510
334
-13606
-24345
29599
-404
68940
74925
7272
-5632
-9971
-82
981
-737
-9549
-18067
697
991
508
-72901
219
-186
-386
-92
-96
-851
476
1947
-591
95
-81
-563
-100
34508
-46518
95107
-95
-8006
-2343
80
-80
-1130
-83
-4708
-34002
7007
-6829
9781
81
-87
806
254
-94
-94
81
433
-98
-738
147
2294
29528
-46999
9088
-82
-680
78473
-83
-8700
6912
2739
-81
10931
-3886
27834
605
-87
-852
3399
96
84
165
-48040
440
-80854
-94067
2738
-95089
84
-88
-84089
-633
-91
-97
-89
-717
-71519
-461
721
-15684
-41717
-50079
-74380
45130
83
6841
-3972
76654
-60493
350
6859
-82
550
8289
1873
248
-2947
-87
-690
548
-2541
-1959
38502
-85
85
203
257
-343
-87
-579
-3052
-82851
-51116
-6757
-23645
7702
-8140
98
-6890
30139
99
-783
-99
-355
1067
-927
-91
-92
-53086
2268
65223
-188
2115
-252
-583
175
-82
-30129
-65597
-79079
-1945
-81
-582
-1296
-3764
-745
-99
-7608
95
-86
957
-4150
-92
661
-99690
-18839
-94762
-89
-8730
-710
-84
-359
535
386
832
-440
-7989
831
-124
-98
-69380
-5277
-640
-85
-5484
-906
685
996
92345
912
-97
-1499
-84
-457
-4272
-3315
41800
68998
9946
-3042
-89
-26616
83
82
767
18788
-97
-903
-433
834
-428
-650
-310
98
-97
827
76523
782
-8927
4938
707
87
100
-83
-153
-681
95
-88
-61365
-824
-24565
-7009
-1910
-84
5753
-31403
-92
-93
49970
-86
-483
-255
-954
-623
-57247
-1813
-3887
88173
73054
-96
-4747
10437
-81274
-99
86
86
642
2402
732
2584
126
-1951
-90433
82642
-5061
90
-4481
-909
3266
12092
-928
9657
-97902
92
40185
1140
87
99
-522
-4696
391
94
-93877
-6564
-98
-60326
4521
-16030
878
-966
-49258
-84
-8672
324
5421
736
-51597
-84
-21651
-5801
-5385
-857
5834
89559
-56285
94
5219
-1847
-5496
-33202
-79607
-744
-98
89
-433
885
-4954
-232
79193
-70689
-82
-631
-782
-92
-439
99
-94
-741
-6563
-39888
284
-80
9336
-548
38678
6145
-467
939
-90
-259
-6192
-5903
130
-696
89
-746
-3776
95
2105
-591
9244
84
99
97
96
-6188
-773
-257
-6907
-1537
2681
164
128
99
-688
-977
-408
-566
-3994
-152
-726
-443
767
-5841
-73291
-100
-81
-81
-278
-268
161
3558
-517
-2194
173
85
-80
-650
-94
5048
664
473
7455
264
-53537
-7448
-134
-694
-26944
-40670
4426
620
-96
38847
-24689
-471
-493
466
123
95
83
-5391
-89
-1681
91
-41657
91
-92
89514
4176
81
-289
6290
4865
93174
-96
6670
88
700
488
82
345
35175
-4362
-91
-3635
5829
94738
99
33071
-86
81
-99
22913
4865
-84153
594
-120
80
35913
-91
-98
83707
6646
-69541
-99
-904
-7041
87
-89
-301
91
-8174
-8353
20296
-93
6839
348
-550
-529
-771
-89
87
-99
63757
82
-8228
901
299
-7079
-93
-48028
97
-90993
-829
136
31919
-12291
-3646
46871
72922
-92
96
8868
-7508
-857
-63590
47666
92
-89
21906
-35722
-82907
98
-84
-82
8176
969
-8107
-509
-79564
-95
-197
-95
-13408
3040
-417
-80
8987
-710
-56957
-239
81748
163
80
-313
-184
87905
-96764
100
2875
-334
-178
300
-94
-623
-47631
-8497
72780
87
-50749
-88
90354
-6763
-83
-95099
83
-3855
7836
-1204
7096
-521
-6396
93
-2229
-4729
-18469
-5661
340
-7194
-295
37825
-405
394
-702
-54124
-2703
-2687
-547
-4151
97
-8516
90
98
308
1068
75378
-991
9145
-65319
-97
-977
59073
84
-7192
396
-92
-88
-300
675
6065
-38215
5576
-68711
-89
8792
-577
-91
634
91
-9686
-36156
-54934
-82
-84144
4670
-92
-92256
-600
-84
5218
-3622
-100
-68770
-917
-86
8817
6288
9318
-52629
-2176
-94
4743
-43939
-97
-90
35790
-4395
399
-53573
-33547
-62230
-3955
-56382
-4750
6304
9246
9878
-75001
-49595
-141
-99
-86
45277
-687
87
-248
-120
-885
-20865
8628
-63308
-16544
81
-362
-517
-43432
536
851
871
2816
-802
86
-280
-151
-56355
-7765
85500
442
16172
-90
-917
-135
90
-49089
-98
-85
-197
-971
-80
-7388
94
-55394
5933
980
-2396
6968
-1509
-99919
9042
-109
-91
403
277
-2671
6263
751
-92
-6834
-73527
88
83
84
-9373
2989
-553
-7515
-9006
9086
665
-8647
-86
-426
-83
-97
847
-239
345
-436
-205
-63974
4288
-77743
97
15916
-9396
-89
99
-32489
693
-51084
6942
-95
99
-670
7265
-84017
-635
86
-368
28663
-96699
-2272
593
74793
-79866
-87
58334
-4210
-90
2519
-1068
776
-81
-85
-83
-98
-5943
1779
6898
2246
-99
986
-92
164
996
-48902
530
-2385
-27312
-626
-88225
3271
-90695
25512
6945
352
-611
-15490
-4123
-82
-4837
-559
-999
-49878
-70436
3187
-41304
-81
-697
500
-81
285
-4072
22634
296
95510
-384
-667
-3913
3520
32475
-22930
-492
3347
-64554
90
-331
-90
46193
89
111
-7170
-6061
-338
62543
-8125
880
-82
-12377
-90
-6169
-7111
85
-4461
-94967
-8478
-2897
68001
-953
-78556
-84
-98
6099
-439
-83
-377
-85431
-893
-92
-98
69247
963
88
6407
8372
5399
-81
-555
-9806
-5099
818
-86
-88
-968
93
-389
-91304
-40573
-681
-8548
17167
83924
89
-83
787
-39357
-3124
-86
9978
87
6020
-90
-604
-237
-11289
490
-45653
-180
-9116
83
-52366
-4782
-489
49991
133
-210
523
-88
-59360
-4458
-258
-737
-3273
219
-95
-499
91
960
-21559
3417
49895
-85
3240
89
-4434
6973
9981
-98
6605
-961
-11688
92191
100
-2473
97
-89
453
-41239
-55543
92
-1946
-628
118
-11381
-998
46521
-44940
8114
7512
-683
-96001
-970
-6643
-94
2505
85
-795
-91516
-52827
-81
855
-12065
-4748
-49797
-1960
-24949
-192
7451
-3012
-2101
-11980
-8615
-157
-847
-8657
-85348
-91
5060
-7000
973
-80
2873
80
935
841
-285
-5641
-437
-62348
2457
7466
-77253
-681
59508
-50357
-9166
536
-7669
-89
73147
15640
-89
194
-1880
93
-935
-918
-28947
-8133
-74459
748
-1221
-4517
85
-562
5012
-3503
-8402
-143
-91
85
-4374
-79664
-6436
-2197
490
-88
-95587
-5003
7342
-96
-86
25611
-954
26987
98
-8292
96
-18070
-454
43350
-90
90
-9963
86999
-2414
-419
9540
-4850
89
100
9289
-5651
-6081
8854
83
-9507
-96
-7976
282
-889
-6319
-977
-30119
-97
-165
94
-90221
-499
-99973
-100
-88
9018
1252
88
-3263
-87
-1357
-5550
-152
-87242
519
1836
-857
-427
-72259
-577
88
-25342
-57060
-99
-7648
-92
-95
-615
-2834
104
-57327
-5974
-91283
-69980
-236
76658
9100
-387
64972
-1223
3437
-4466
6015
91
70198
-6908
-818
-61989
-2759
-99
90
8981
-95839
7533
72868
-5747
-8181
-251
-601
-92
100
-478
-467
-6033
96
540
-971
-83
-640
-403
85
9903
686
92818
83
5831
-97506
-655
80
91558
-56718
2680
79704
9024
-666
-64866
-237
-909
-87
20994
575
91652
-5726
-89
20471
-938
729
771
-41456
-3074
785
4711
817
92163
926
24260
-92
-562
7201
-83
48477
-90
-7226
-83129
-86815
-86
2417
-84932
-7379
772
-283
-74216
-5412
-46696
8437
438
-485
100
-93
-3610
-96
2419
82
-80283
798
-2374
-931
665
-15948
-692
-25026
6116
861
-98
-3572
91
-980
-142
4732
-87
18079
-96
-936
8898
47352
-92021
5733
-22252
80
-454
-13438
-404
1314
-83
-99748
-6502
-84
1573
-123
-85
99
-392
151
-8270
99
217
-2448
-6828
-785
17622
-189
-756
-622
-80
-81
-97
82
-86
-85
84
-47818
-91
-658
-586
88
11822
-450
-80
-88
-7399
-188
-8011
-98
3356
-905
-85
24995
392
-53839
470
-8866
-3280
82
93
87251
2166
879
-83327
11760
213
66536
-84091
-97
792
-64544
-40587
2972
85
-90
-6803
8256
-9258
-61697
-7978
99971
-6661
896
644
3238
98
319
85575
-3144
-798
2928
-91
168
-88
100
-99
-122
-356
-100
-20214
-751
-786
-903
85
-5464
6577
-2021
-9955
-34715
-804
-8933
450
934
9610
-91
-610
1727
-2813
80
-2775
-853
16449
-88
-9739
-604
-858
5812
-89
5188
710
-199
276
812
1276
559
-7939
-83678
8046
4584
26931
-847
87
494
-7052
82
92
-77954
-3739
-653
-83
-18263
-343
-69698
-93
-974
-96
-87
279
487
83
90
-1605
-929
93
-80634
-85
-3541
-105
91
93
-106
74481
-6167
144
81
92
-5644
99
29746
52675
715
4259
564
-103
-91
8230
-80
-87
-2817
-75150
48580
-51323
-505
418
-43249
-28491
-94832
-84
-658
613
-799
-72923
-790
-995
1963
-290
-322
82
81
-562
99
-82866
430
-63606
-93
81
71786
243
-99
-4621
-90
-87
82
724
88
-6493
-74333
7087
83
89
-463
97
85
514
3158
-93
-11770
-782
-587
94
-32246
-657
-7630
-55831
-88419
81
90948
-637
-8715
-88
6203
-742
-86956
-93
-35202
892
-82
-133
88
85
94
88409
966
-661
-244
-39380
-15160
-84
-1795
-97
-82
89
94
-81
-240
-8769
93
-2009
-63280
2544
-8382
65274
782
-7474
-66149
14060
-94
92
93
84156
92426
-89
7257
-272
-1418
-70118
-59918
74006
-97
-81
-413
-24709
69589
-7310
-57692
-96
-43113
-5425
8689
951
520
52492
-89
-817
379
408
-828
849
91
366
-62187
-92
-4819
-660
-84
-60785
-9355
88
96
-6069
8057
-640
91
-87
-1825
94
5912
18918
-88779
191
-942
54326
-479
32664
24316
-93625
-2042
-218
39805
9546
56079
407
-615
-185
80
-8564
-99
303
35234
28375
-80268
-2259
87
94
1515
100
-96009
-94243
-4599
302
-8155
-1296
-2849
82
83
80
-87
9468
-8094
-82305
3015
-3692
-98
-87
87
2739
-98
-26498
-443
-7043
5097
-1852
900
98
89806
-80
-14062
87
-409
-485
98
-95
-2412
-8075
81
-3608
475
-3198
5326
-13918
-371
83
486
78241
-38325
-88742
-89
-3375
45410
-351
66204
-520
-88
-88
-4191
90
99
-215
-83
-97
652
4169
92
-525
-38646
526
-99
-475
-2125
-36585
3852
88123
-727
-90428
541
-868
69989
87283
774
-974
81
-952
22795
-7362
-458
-81
-31819
-76046
224
6711
-539
-60915
89
93
-412
-82
-90
-87
-96
-8715
519
-21654
-966
717
-361
-319
-99427
-9216
-164
-81
93
120
-99
93
388
990
-966
3761
-96
85
93
5156
-5680
-564
80
-58235
-37986
-2566
13814
32264
-56763
208
-81
-3028
80813
-66859
-41373
4439
-6932
85
-3471
-96
99
91
-93
-762
-84
943
-99
-115
-324
6675
-308
-74933
3924
43933
2329
89
-5356
653
-34993
-94593
-473
-2183
84
94400
-303
-2036
-134
-84678
8532
-82
85236
-97
-228
76916
-61807
7862
-92
178
-306
85347
-100
-86034
6069
93
-1250
-19149
-94
5164
-6226
-4511
-99946
82
-327
-8952
96
45272
93
8183
74818
-339
1937
-302
82600
-94
542
-91
81
949
-14541
4235
4462
-869
-84799
82
95
95
9011
458
176
834
-93073
5083
-5050
-1279
-4035
949
469
-58369
-99
-4925
367
661
-99
367
-80487
319
-93
-91232
-9520
-1021
-2871
85217
92338
-98
-226
473
-157
-6047
-95
14837
-530
-80
95
25863
5078
-2027
89
82824
-83
-18051
-94
-81099
80
620
-20719
-7730
103
-4599
-81282
-68155
-6630
-931
-93
-9921
-3772
-1764
-542
-9591
-145
6749
-95227
85
-762
221
-23216
988
-92
-931
93
-3949
497
-67961
97
98
-369
5587
-6356
-520
-91
-962
445
82257
-82
-558
-542
-672
-90
12802
-9905
-56393
1266
90
10123
34428
-434
25889
8253
56158
-33861
1709
-965
-93769
363
-4572
-15016
80
-957
100
-59400
-66791
81600
-91
660
89
-193
3350
-90
2509
-74472
5869
-82627
-92
91
53637
-90
-2898
573
-19039
-768
-2341
-25927
-440
781
89
-86
-23935
-89
5464
70350
74928
-85
-91
-7172
-28960
-7376
-94
-96
-904
-99
-96
-94
615
-3662
-93
-91
-1464
-1396
4145
-66434
-470
991
824
370
91
-32423
-4141
-172
-100
-747
86
-72943
819
860
-30550
96703
91
-127
-86570
-8219
-83
-89
-90
-36899
-687
-346
422
-517
73384
-72069
-1217
233
-8130
-2390
64448
-2675
-3601
318
8923
87
-679
5101
-85
2057
-418
-4618
-81
-1094
7921
-5982
-98
9153
-89
90
6699
80
2366
96
79433
-24773
-25220
307
-11047
51186
-88
3316
3476
-836
44938
-89
79839
-648
95
48545
4425
-83
9228
-44046
89
-967
-23410
-4108
-60066
2348
-1097
333
-977
84072
-1060
-89
-99
-189
9870
-94
-749
-5456
-510
5728
80511
-39151
51082
85
6804
85
3830
-10030
-25144
69406
84
-15175
-15720
-88
202
85
81
9476
-5482
96
5319
2056
7347
-4976
-92558
-40204
6994
714
-8340
85117
12458
-595
7382
5155
-76872
-214
-240
89
-8978
-737
-9767
1718
-87
-84
-94
6510
-4832
-78527
-213
-89
-679
-7170
-9090
-856
-1818
51436
39343
-91
454
-3541
5279
90741
-849
94
-42935
97
-1241
-8841
-83
789
-17035
-5401
212
-24819
-408
-31479
95
99
-397
97
-41158
186
-718
-798
48934
-38707
-92
-477
-659
-90117
-9255
3529
-87
-84
-650
-94
156
-651
-24437
-6573
5529
83
-1805
9613
-777
656
72604
965
-6005
-66090
6276
55460
70460
-63037
5121
73481
955
-745
-962
490
-32509
-614
-9762
-170
-532
-327
-47310
90
-80
-43009
8871
-830
-92
-99
-914
-3140
884
84
58875
-69514
2731
-4529
91235
93988
89
-358
88
874
71314
-6592
-649
-1634
-817
-93177
-36877
-4746
94
-3046
-525
612
91
6221
-8324
-71503
-166
-98
45683
-85
-234
655
-9889
6041
-92389
-8257
-83
-99
61145
87
761
893
7609
-3790
-3642
5626
4560
5249
-84
-334
-8948
159
-313
-62305
812
-56333
-86
89276
865
87131
98623
603
-4204
-64434
4887
-56163
-603
3516
747
-916
92
-100
-366
67028
-44256
-91278
3346
-5169
-878
-55535
351
-360
-2172
-982
84
-23392
7699
-8872
-8993
727
775
83
-7517
835
-84
-90
93243
-407
92
944
-91
-591
349
548
-675
-270
-45686
-9723
-79729
7043
-90932
9107
-3322
96
-83
-6632
-80
832
-912
89
-795
92
-71134
-4348
-2494
-77375
-9848
-98
-786
-51608
65417
-99
-84
9247
5193
-96
89
-89
2049
-6779
665
-75136
776
-948
-24290
-10046
36329
85
-21754
3538
86
-8712
93158
7291
-72442
831
200
6481
-6185
-731
-2142
98
6474
-89
-97135
98
-569
-159
-99
-86
-2169
-84
95
-98
-4160
-11457
5022
-2696
-1051
59588
93
-8564
-1820
-55609
70732
-729
-100
-84953
-97
7913
-8356
737
-90
45370
-17723
48108
9341
-4127
72598
576
44251
-2453
86
-6129
-371
-72147
-711
-7171
-83
-146
-65140
-9800
-99
-299
-81187
5095
5636
-7981
-83804
-5152
-86
-5118
-90
-99189
-19991
-378
-95
7652
-100
-91
6572
-4494
-7829
-3644
142
15481
592
3141
-7454
-6628
-98
-27498
-52715
-88
569
-11549
-684
-86
442
-8267
7767
-37281
89
-90307
-450
-4389
-59852
-89
-704
-905
-88
-18503
-161
-100
7309
-430
-87
-6482
-82
97
-99
2596
-343
-16399
326
-100
-97
68289
100
-94746
-123
-44514
-41371
1783
95
-786
476
-88
-4376
29854
-90
-271
6197
-234
4541
591
-4584
906
861
-49314
-6922
50201
243
-558
49820
95
-257
-2062
-665
-2214
-8272
280
-242
-89
-612
-84
-97
-100
3829
-82
3545
-434
-100
-821
2399
271
-1981
2188
9957
-18228
-7166
-958
29407
-727
-297
-915
-737
100
-92
96
4004
96
6352
550
-653
-42530
3817
-81
-80
-495
77092
88674
894
5260
84
-7073
3170
-199
-229
27309
-66485
-87
-63009
-75778
90
82
-97
-94
88
8178
78209
-794
911
-9144
5757
-98
-189
1497
-97
8797
-89
88
609
-592
-91385
6323
-397
-373
-927
-97
-17913
-567
94
14784
-880
717
-77396
-2751
57408
-9508
426
86
944
7049
-943
-502
82
97
-20854
87
1065
-100
-98
46393
196
-89
-29314
-81
-6553
-98
81
-5744
-564
-2283
-492
95
-3390
-674
-436
-905
-1921
-60012
6046
-81
-14416
-9254
-258
98
53180
-650
720
-56170
190
-92
80
90
88
-678
-80
308
98
-267
-87054
458
-1851
89
92
6730
-48269
59599
96
-84
24227
72270
-85
2687
-8558
-177
-95
-92429
8515
-6645
-75113
-82
-848
95
-99
56812
124
-8328
-371
26767
375
-9864
-7697
-7068
-16051
-98
2802
99
-763
-738
-90
-97
-99
-87664
-3214
85
-9579
-57656
-72731
-67420
-1567
-59366
-949
609
5631
-83105
631
-86
97
28616
-968
-545
-59519
-136
8358
-87892
73336
-97
-100
96032
4274
-152
29642
6201
-1491
-99
-8648
660
-4000
-7534
-740
-10983
-99
-3759
-525
-38685
-354
1117
-752
-80
-2751
46813
-28840
-224
18002
91
-1897
11882
-96
85
-96
-665
-44994
-715
-699
-94
95854
2151
-93
-7151
-92
726
198
-23502
-81
-79662
-156
-8673
65643
-802
100
-100
8781
-98554
-127
-5550
-80
-81
-48495
-94
-92
-95
16141
-868
9252
31751
-7886
-92596
-87
86
9533
-4211
86
-1213
46656
7294
-952
-76471
86
-81
-1672
-646
-45942
84
-90
8253
-85
7143
-583
-882
-1668
7110
5045
-1642
-45462
-423
-92
-95
-88
83
-85
88
-7802
-670
-281
2493
-80
-24787
750
493
60435
820
-89
960
-92
-491
100
-573
40889
-2585
8178
-97
92
2834
-221
-53346
-98642
-628
1650
-6616
82
-434
-10690
678
-94
-709
9197
-97
-6812
1851
70060
97945
-32152
-85
-21227
-9072
226
-80145
91
36537
-856
-7529
-97596
-9488
-9466
82
-7814
-89
9606
522
538
-81
2634
84725
218
921
-4175
16384
-88
-54817
237
86
-450
96
-90
-1687
19605
100
82
89
-93
-90
99
-93
-812
86638
-90145
94
-7151
-9788
-90
23499
-99
-40897
96
194
-42429
-38627
-589
-18841
59354
-8754
833
-74918
-35908
-9177
-6553
313
98384
95
-46493
-256
-8090
568
-57811
-54826
-622
-90
-148
13573
91
9546
68132
-7740
-89
-81
85
-96
-84871
489
608
-88
-70115
-72785
-84
-56298
-33217
-2225
29380
575
-8584
-83210
96
987
-73197
87
-50320
452
270
-8710
747
4662
-886
2390
88
80
-27728
-521
294
168
-7193
-84
-81570
-82
-41372
53320
588
-432
-85
50236
-558
32441
111
270
9818
-50399
3744
8317
-577
-81
-53358
100
-84
879
-93
-85
-99
-1564
-91
-617
-706
-82480
-429
-605
-859
-367
-82
-871
8758
-200
-52110
68829
-87
82
-9181
65455
-90
914
81
8728
-3585
5679
-384
82
-2734
-6404
-351
-515
-93977
-56274
-51063
97871
58359
99
99
2105
-61239
-7213
-85
83977
100
-330
4773
1866
86
159
-99
-97958
-47958
97
7270
41987
-65671
-88972
96
-60818
-5340
97
-85
1189
-422
9991
3995
-8163
-961
65701
-72803
7336
736
-1696
-681
1908
599
8546
39367
508
-81
-589
-30826
-906
-3480
-82
-16251
-609
83
-95
-3187
80
7406
60721
-187
-92
6857
-726
-82
-91
81870
7321
30796
7941
-65507
-96
1933
-5192
-88
-9000
-572
-106
-4175
39541
70530
243
-90
-19564
7097
94
-811
-68591
-14292
-8348
-5022
97
-89
919
-88
-9157
91
85
-29809
-1511
-55453
613
-81
-955
-761
-85
-88
5298
1290
63897
-7860
115
-40808
7059
281
-75516
-85
-37110
16677
-49338
-98
-80
80
-758
-8670
-5865
2304
5948
-69673
3745
9591
-16037
-89
-390
-29160
3337
91
-4823
4360
94
641
-361
34369
-3704
-45733
-9676
-99
180
-44323
-97
-9727
-65522
-80
-64226
93
-93
-6682
-6196
70973
-9598
-486
-91
688
2781
-8436
8581
-82362
-88773
89
-52612
-93
-95
7704
-3828
-4327
-93
-15469
8793
-440
-7148
28552
833
-93893
-74783
-99
41055
91
-83
-6711
69498
81
-12181
847
-650
84
895
-84
-1239
-91
-95855
24476
95
-3533
-99
-678
-4397
-74226
7493
-161
67691
89
-15616
94
-4781
84
-1678
-4067
-926
-97
2939
2688
-54471
-1386
7411
30432
-417
-8902
-7456
-91
91
-90
3611
8377
88
-83
-1069
98225
832
84
-57958
-9525
428
-7000
88
-126
-49367
-95
-19753
31714
-2752
-85
71447
758
-92
9733
-18977
-92
676
-773
94
-3191
-2981
-86
-87
96
7340
872
99
244
-102
-85
-4124
25259
-99
-53115
23846
91
252
78824
7742
442
-567
-80
-981
-681
-7118
2082
99
5510
-173
-668
-6145
91
5630
1224
-9751
87986
-332
-150
-17136
683
-2484
239
3349
-22743
-622
11909
87
440
24115
8152
-4403
96
35115
2499
-7251
-94
-95
-4587
-89
-5795
-3172
87
3482
9541
-1672
-6542
4589
440
-83
-87
-19577
-6824
-4159
94872
86
-5609
-94
-82
-95
-90
60552
-90
-409
-953
96761
96
1188
-554
5639
83
467
-9647
-20179
-2670
5730
-5997
-91
598
-636
62768
-69114
9549
-57829
-92
-49562
-91
-8842
-430
-6588
-100
6760
217
683
864
-93
-93
-823
-66200
-97
-7121
-3678
82012
-965
-3803
-91148
82
-52037
468
86312
-893
97
-83112
75914
-431
626
806
4485
-538
65774
-2580
-1953
853
-91
-84275
694
-1065
-88
-4863
187
272
75777
4734
-80
-1683
84
93
-42901
-7872
90
-278
-216
-83
-96
-96
-42264
95
683
-92
-100
84
2531
359
-5764
7297
-99869
-97
213
-71452
1190
-1242
-19221
-791
-973
522
6022
85
-1573
-7822
-7155
-580
-84
-89773
-91
-96
233
-74375
7868
-27840
-77592
97
8718
-2069
-83
-8223
-3619
316
-93
-392
-6948
-694
35847
96
-848
636
-678
-103
-51987
9618
320
-9875
290
-13011
87113
-3741
12725
-9611
82
-5020
530
-34670
-7939
-5861
-96815
-89
921
-80
-1231
-341
772
-60322
961
-385
84
-94
902
-294
-97
58971
-30434
-93
85
72298
-8230
569
9826
-5608
6252
-6474
9624
-48355
-90108
52139
23878
-470
97936
9882
-9582
-71540
-6417
-33018
654
100
-4707
-662
39886
-60401
-261
669
860
-293
-36543
-4057
92
-4907
-2698
232
-13026
94258
524
93
92
-726
92
-94
88
-609
-93
-7410
89
-968
110
-367
-100
-927
-86
-81062
-6400
-96
-85
-85
783
82
-86
-9665
653
91
-50516
-9078
32975
-69964
-412
-6343
-41467
-31290
4028
-95658
-85
-89
620
97
-8902
-15788
-645
83
-93
80
-191
2744
99
-3000
-46579
-1084
-9926
-994
-92
-82
-7367
-71785
-606
819
-695
-85
-692
-496
27872
-184
-429
21667
-37903
96800
-597
40165
-95392
-93
388
-659
-3395
-823
-6791
957
-99
4342
99
-540
-6661
93
48528
-93
35987
21389
-80
-9432
911
-6107
5253
-627
2668
96
-85
-4153
-589
81
-9894
-83
225
-646
-26248
-685
-4826
881
-9531
1704
-25018
-90
419
-6820
-251
-2764
-72573
-7551
1941
1275
-92
82
-9452
-7142
-715
-8353
67035
99
-76614
-100
-26981
-6114
-16735
252
-935
-91370
85
-36966
-3713
-31927
96
-6851
29405
-8010
210
-88
-1931
-80
36325
-517
-98
90
24813
-33235
-4159
-929
-9252
-6359
-8030
4650
91
-695
-69606
-83
516
-6530
-578
-846
458
429
-1093
-5994
2442
-669
40035
1393
-37598
-26731
-1469
-42529
-985
-8550
-433
-347
-495
437
-896
93
17900
-2407
-18060
729
-6252
24176
133
-88
-684
-4506
-84
-411
-24355
-86
-32513
-96
9783
103
65049
-88
-51529
-1309
-39825
-659
-69439
-708
-20280
5063
15320
4625
-11570
-4456
-96
-6442
80
153
37957
-63295
-80
7197
916
-97
-4814
19262
-606
362
12793
-94551
-478
93
-710
1247
-22324
-2367
2746
-90
625
-132
-94
3566
4347
-81540
-1817
-67788
-77161
-445
8078
137
100
93
51534
-78356
417
-36029
-10320
-556
86
-95
-84
278
-728
-129
4460
-346
-97269
-89
-655
-804
2686
4693
-9681
3110
-8167
-69533
-86
-27205
95
950
-5393
36768
-39511
30043
-5246
931
100
-975
-888
-1057
-977
211
-4422
4173
42913
-4905
-38513
-63542
-40245
-1248
-84
83
9581
-94
-6080
-94
-656
401
-94
-7899
-88
-84720
-82
-9070
-5385
-873
820
98
43577
-3076
-462
-94
-534
-23796
62627
97
-324
-97
17273
966
-23625
-927
-105
-19791
81
254
59220
-3212
99
946
-5588
-96
-1453
-90789
-39924
524
-291
-85
-90
4862
-2254
-868
3477
-86
-74107
165
-88
-7712
-2177
88477
95
-97
-137
-366
-57858
98
-92
-85367
613
4411
-245
940
93996
-8906
-6242
-144
-87
84
98
347
-934
-132
-86
774
1372
-8260
-62414
197
811
-45697
30890
4580
-48285
-812
-9228
-3609
43408
-27028
-219
702
-498
-9040
-87
5819
-60853
605
36905
-94
-829
-90
-7439
-94
71615
-93
-907
6342
-858
-25915
-81577
198
-5435
-82
-91
-52222
-81383
-653
-4243
866
-535
-284
1570
919
972
-4843
94
836
6337
-48672
-759
82
-84241
250
4836
-884
-594
-8844
1595
7719
617
7912
82
-913
-85
56614
-645
-81
100
3806
27269
-2630
551
-544
-90
-9411
3584
49390
-87072
99
2979
-197
81
-732
93
-31300
-99
1707
-98
99
6513
-3070
-5932
-71637
742
-8203
-144
-407
7388
-5525
43286
86
-95
-16421
478
-731
86
-91775
-40238
-86
-56818
-6638
659
-97311
199
-695
-84246
-92020
529
-42591
54282
-97371
-830
-85
-7377
-25099
-81830
86
98
-93
945
905
104
-88531
-9711
446
-91
-85
-603
-376
-3449
95
-799
-390
85
-7889
-93
-920
-968
874
-93
-3810
9650
-99038
-279
-89
-328
-74664
-41023
-79542
-84
-880
-6671
-88
-31601
-23608
-63579
-86
-842
-6476
714
-39522
2218
365
95
-16819
53772
39633
-1959
80
-240
-427
-65813
-82468
-4615
-4081
-91
-136
-95
-772
8427
97
77798
-90
-820
92
-55713
5148
-8515
2039
8713
-4918
7766
-74071
-99
-496
2737
-22384
2396
-81
-57012
-93722
-496
8639
85
-212
6806
-88500
-902
-156
2746
-3931
-528
65976
-4463
441
94
-90
81
-80
-92
-99
-8149
-82000
-99
-15431
-38810
-87
-82
99
9655
-130
-53710
-1013
-6696
-83
908
-85
-95633
306
-8702
-68509
99
9619
98
-5298
-69768
89
7477
84
6192
88
-82
-81
-46223
-83
90
-90405
63398
5279
-15546
-6765
296
-5632
-100
93
-5258
-4516
-503
93
99
-67060
-961
87337
-80962
-835
-2026
-306
-95002
6467
-7753
-421
928
-160
-99790
-4417
-30681
-83133
-86
-9796
179
-162
49389
-98
-189
7689
-100
-331
-82
-91
-557
61486
-821
86
-91
-9429
93
-163
-938
-88
-26895
-97
45952
-85
-89
-394
-283
-179
-7240
96
-836
-864
-1476
89
1483
-99
-147
-8807
-993
-9755
3277
7654
365
69649
-694
21190
9055
-4733
-89
47153
-3393
-4025
514
-94
759
-9974
89061
-881
-92
37820
-14438
1000
92
-100
-53186
-110
98785
-17783
-8626
-86
-2732
-810
329
7956
-180
-844
-4770
2350
85
-83
763
3578
-9594
-3217
89
444
-65590
-78722
171
-83
-90
80
-732
-100
-91
99
-69126
-89
241
48248
89
-71648
1883
9452
80
-740
-6271
-43780
-312
802
80
-820
80125
-8961
-530
80
847
-80
493
96
-5286
46378
899
-18221
4696
-21850
-84
-374
-19557
2809
-96
-90804
-9291
-100
-400
-88
-78595
-279
87
96
868
2729
-81875
-7795
-65523
-4020
8111
-260
2451
-80
-3659
-94
-32697
-30646
2222
-99
-4070
-859
-97
-68505
-83850
88
-82
81
-85
-4179
-89
-49414
-81827
474
-88
860
-925
3592
-3379
450
-90
-840
-211
-4204
-1808
-12020
-213
-64617
-98
926
-365
-93
468
-4702
-588
-2031
96
-97
-26272
-87
-88
8995
-95511
2208
-47083
182
-100
-685
-119
88
-921
-145
-23306
2889
8325
100
-19609
-94264
19111
-3995
-38616
-882
-99
-8565
-706
-6415
-74361
-91
-6969
-240
97
973
-909
3431
-7661
-580
-93470
86
4040
1333
-996
3650
355
-81274
-936
-177
8613
-395
84
-7961
91
-7715
-84
46626
91
-840
-994
-655
7252
-9779
-94
-161
83
-86
-152
-27164
-9100
18023
-84
-100
-754
-59654
-79851
455
-8178
354
483
-99
11598
-3791
75887
95
957
-47030
-93
-63267
-418
-435
3741
50750
-89
-6478
61942
-3020
-40166
50433
93
-9136
2169
-85
91
-86102
-34197
-95
-97
-87
-9462
-87999
6461
-9475
67108
1349
18696
-285
302
-95
99
-830
-1937
-13122
-2885
-88669
179
-453
100
94
-68919
-346
80
-8255
-74116
-533
-91
-3634
-89
91431
89
-598
-31473
-1580
4861
9103
-73706
287
26834
484
50856
-100
-724
89519
55386
-89
80
81
-492
-2868
407
1482
99847
3333
93
-577
-575
-8198
5630
-3679
55502
-494
-68447
42117
95
915
-7771
92
-38180
-81
-90
89
217
521
643
-8914
737
-171
-91
-25651
-75009
-217
-69653
-67895
-82
89
-75762
29835
-9038
-22236
74693
-7058
98
84
-64809
831
-10363
85
-8177
-80
82
65620
-971
971
-41316
6425
-48710
-29588
-84
-505
-83620
-108
-8055
3929
97
-6184
-55592
440
4707
773
-9870
-256
-84
-8588
-35663
96554
-1570
9116
845
-8736
-85
-44215
-321
-4074
-69795
80364
-450
-88
-805
212
-246
-4743
6666
508
43265
80923
-7488
-6453
-33661
-95078
949
34066
41235
-91
-8591
-5079
-410
94
-199
-92
178
-564
85
26711
-4051
-6191
-85425
3038
5009
-104
545
193
-97
-84976
35529
387
-39081
-94
-80
77537
-314
-568
-6217
-8476
-5448
3655
-27219
-98047
284
-6072
-969
-81
-75132
82684
-432
-772
-62419
-26905
-97
-19593
-7538
-350
7480
-8037
49841
-82
-124
-796
-83
-48621
717
-2491
608
-674
872
8889
119
-82
67572
30259
-29977
-39292
-72987
-90
-83
-7781
8488
-7055
6495
-88516
-985
756
92
-82
-962
92
-833
9604
-89
-797
91700
435
-84
80
-98
2182
95
-137
-82
-82954
-99
-7904
-126
-219
386
-285
-438
-41915
-8139
-1059
967
775
98
-4586
-87
-9239
93
-93
-83
-1617
92572
-6710
219
-81
-6983
-94
4483
88
-690
819
38412
-1107
-9366
-2282
-96
-40870
693
93
493
-7499
71996
707
463
-85
7928
-67743
-99
-2786
-6941
-979
-1566
-83
-18346
-895
-4202
-460
-38078
-455
-92
-92567
-24351
3427
80
-650
-91
351
384
9647
418
-379
440
807
-82
82
-7617
220
-557
-996
82
-78346
-86728
-40267
-1086
82
-68922
-314
-6933
-968
5070
-89
420
857
-698
761
-5054
81
-90
-89294
80280
89
85
-82
-8568
9434
-43309
-7972
2979
-1521
-575
-97
-3076
442
-7418
-916
-7388
-1435
-78512
-9852
-95
82916
9299
82
-7569
